52.47999954223633 133.875 133.875 
52.47999954223633 133.875 133.875 
52.47999954223633 133.875 133.875 
52.47999954223633 133.875 117.9375 
52.47999954223633 117.9375 117.9375 
52.47999954223633 117.9375 117.9375 
52.47999954223633 117.9375 117.9375 
52.47999954223633 137.59375 137.59375 
52.31999969482422 137.59375 137.59375 
52.31999969482422 137.59375 137.59375 
52.47999954223633 137.59375 137.59375 
52.47999954223633 137.59375 137.59375 
52.47999954223633 182.21875 182.21875 
52.47999954223633 182.21875 182.21875 
52.63999938964844 122.1875 122.1875 
52.79999923706055 146.09375 146.09375 
52.959999084472656 115.8125 115.8125 
