106.55999755859375 70.125 13.8125 
107.19999694824219 68.53125 13.28125 
107.5199966430664 68.0 14.34375 
108.47999572753906 68.0 12.75 
109.1199951171875 70.65625 13.28125 
109.75999450683594 68.53125 20.71875 
111.36000061035156 72.25 12.75 
112.63999938964844 67.46875 13.28125 
114.87999725341797 77.5625 12.21875 
117.1199951171875 78.09375 12.75 
118.39999389648438 126.96875 13.28125 
120.95999908447266 158.3125 10.625 
121.5999984741211 159.375 11.6875 
126.7199935913086 70.125 13.8125 
143.67999267578125 65.34375 13.8125 
164.16000366210938 58.96875 13.28125 
184.63999938964844 55.25 14.34375 
201.59999084472656 55.78125 14.34375 
210.239990234375 53.65625 14.875 
221.75999450683594 50.46875 14.875 
231.36000061035156 49.9375 14.875 
240.0 46.21875 12.75 
245.1199951171875 42.5 14.34375 
247.36000061035156 39.3125 13.8125 
248.95999145507812 35.59375 14.34375 
249.59999084472656 36.65625 13.28125 
251.1999969482422 34.0 13.28125 
251.1999969482422 33.46875 14.875 
249.59999084472656 30.28125 14.875 
247.0399932861328 24.96875 13.8125 
249.9199981689453 24.4375 14.34375 
248.95999145507812 20.1875 14.34375 
246.72000122070312 21.78125 15.9375 
247.36000061035156 14.875 12.75 
241.59999084472656 12.21875 14.34375 
235.83999633789062 7.96875 13.8125 
226.239990234375 20.71875 14.875 
221.44000244140625 8.5 13.28125 
227.83999633789062 10.09375 15.9375 
235.83999633789062 14.875 14.875 
243.83999633789062 23.375 13.8125 
249.9199981689453 21.78125 15.9375 
251.1999969482422 21.25 14.875 
252.1599884033203 26.03125 14.875 
253.75999450683594 29.75 15.40625 
256.0 33.46875 17.0 
256.32000732421875 36.65625 15.9375 
255.36000061035156 41.4375 17.0 
252.47999572753906 46.75 15.9375 
244.79998779296875 51.53125 15.9375 
234.87998962402344 56.84375 15.9375 
229.44000244140625 61.625 17.53125 
220.79998779296875 61.09375 15.9375 
211.1999969482422 65.34375 29.75 
211.83999633789062 66.40625 15.9375 
211.83999633789062 68.0 30.28125 
187.51998901367188 70.65625 33.46875 
185.9199981689453 70.65625 19.65625 
174.39999389648438 72.78125 19.125 
