163.1999969482422 73.84375 28.15625 
162.87998962402344 71.71875 30.28125 
162.55999755859375 73.3125 28.6875 
162.55999755859375 73.84375 58.96875 
162.87998962402344 74.375 56.84375 
162.87998962402344 75.4375 30.28125 
163.1999969482422 75.4375 31.34375 
163.1999969482422 73.84375 61.625 
162.55999755859375 161.5 61.09375 
162.239990234375 73.84375 29.21875 
162.239990234375 73.84375 30.28125 
163.51998901367188 73.84375 29.75 
163.83999633789062 73.84375 31.875 
164.16000366210938 73.3125 31.34375 
166.0800018310547 72.25 29.75 
168.3199920654297 72.25 28.6875 
172.8000030517578 68.0 29.75 
177.9199981689453 67.46875 29.75 
180.8000030517578 75.96875 29.21875 
180.8000030517578 66.40625 29.75 
181.75999450683594 62.15625 32.9375 
189.44000244140625 62.15625 33.46875 
194.87998962402344 60.5625 29.21875 
194.239990234375 59.5 57.90625 
198.72000122070312 59.5 28.6875 
202.55999755859375 54.1875 29.21875 
203.1999969482422 51.0 29.75 
202.55999755859375 49.40625 29.21875 
204.1599884033203 49.40625 28.6875 
205.75999450683594 47.8125 30.28125 
206.39999389648438 44.625 29.21875 
204.79998779296875 42.5 29.75 
204.47999572753906 40.375 30.28125 
206.0800018310547 39.3125 29.75 
205.75999450683594 36.65625 30.28125 
206.72000122070312 35.59375 29.75 
205.1199951171875 32.9375 28.6875 
205.1199951171875 30.28125 29.75 
206.72000122070312 31.875 28.6875 
205.1199951171875 31.34375 29.21875 
204.47999572753906 60.5625 30.28125 
203.51998901367188 24.96875 30.28125 
200.3199920654297 22.84375 30.28125 
200.3199920654297 20.71875 28.15625 
197.44000244140625 18.59375 30.8125 
199.0399932861328 18.0625 29.21875 
195.1999969482422 15.40625 29.75 
193.59999084472656 13.8125 29.21875 
192.95999145507812 12.21875 30.8125 
189.75999450683594 8.5 31.34375 
184.63999938964844 12.21875 28.15625 
187.1999969482422 7.4375 30.8125 
189.75999450683594 6.375 29.21875 
190.72000122070312 8.5 29.21875 
191.36000061035156 8.5 29.75 
192.3199920654297 7.4375 31.875 
199.0399932861328 9.5625 83.40625 
201.59999084472656 13.8125 32.40625 
204.79998779296875 12.75 29.75 
206.0800018310547 15.40625 31.34375 
207.67999267578125 15.9375 30.28125 
208.0 20.71875 30.28125 
208.95999145507812 17.53125 29.75 
208.3199920654297 20.1875 30.28125 
209.27999877929688 20.71875 30.28125 
209.59999084472656 22.84375 30.8125 
210.239990234375 26.03125 29.75 
210.87998962402344 124.3125 30.28125 
211.51998901367188 125.375 30.28125 
212.47999572753906 30.8125 31.875 
213.44000244140625 32.40625 30.28125 
213.44000244140625 34.0 30.8125 
213.75999450683594 38.25 31.34375 
211.83999633789062 40.90625 30.28125 
212.47999572753906 41.4375 31.34375 
213.1199951171875 45.6875 29.75 
209.9199981689453 48.34375 31.34375 
207.0399932861328 54.71875 31.34375 
203.1999969482422 57.375 35.0625 
198.0800018310547 68.0 32.40625 
188.8000030517578 68.53125 32.40625 
185.9199981689453 73.3125 60.5625 
177.59999084472656 164.15625 34.53125 
177.59999084472656 168.9375 32.40625 
166.39999389648438 85.0 33.46875 
