99.83999633789062 74.375 33.46875 
99.83999633789062 73.84375 39.3125 
99.83999633789062 73.84375 40.90625 
100.15999603271484 74.375 42.5 
100.15999603271484 74.375 34.0 
99.83999633789062 73.84375 41.96875 
100.0 73.84375 41.96875 
100.15999603271484 74.90625 41.96875 
100.15999603271484 74.375 38.78125 
100.15999603271484 74.90625 41.96875 
100.15999603271484 73.84375 41.4375 
100.31999969482422 74.375 41.4375 
100.15999603271484 74.375 42.5 
99.68000030517578 76.5 41.96875 
103.04000091552734 72.25 41.4375 
107.5199966430664 70.65625 41.96875 
108.15999603271484 72.78125 42.5 
107.5199966430664 69.0625 40.90625 
111.19999694824219 68.53125 42.5 
114.72000122070312 67.46875 43.03125 
114.55999755859375 67.46875 36.125 
114.07999420166016 63.75 43.03125 
120.47999572753906 64.28125 43.03125 
122.39999389648438 62.15625 43.03125 
122.55999755859375 61.625 42.5 
125.43999481201172 61.09375 42.5 
125.43999481201172 60.5625 42.5 
128.63999938964844 58.4375 41.96875 
127.68000030517578 60.03125 42.5 
130.239990234375 153.0 43.03125 
130.239990234375 59.5 43.5625 
132.16000366210938 56.84375 43.03125 
131.1999969482422 55.25 43.03125 
134.0800018310547 49.40625 43.5625 
136.3199920654297 48.34375 43.5625 
136.3199920654297 46.75 88.71875 
137.27999877929688 46.21875 86.59375 
137.9199981689453 43.5625 45.6875 
137.27999877929688 43.03125 44.09375 
136.0 42.5 43.5625 
138.87998962402344 40.375 45.6875 
139.1999969482422 40.375 44.625 
139.1999969482422 38.25 44.625 
139.52000427246094 38.25 55.78125 
137.9199981689453 38.78125 41.96875 
138.87998962402344 36.65625 43.5625 
138.239990234375 34.53125 52.59375 
138.55999755859375 34.53125 44.09375 
138.55999755859375 31.875 43.5625 
138.239990234375 32.40625 43.5625 
136.63999938964844 27.625 44.09375 
137.9199981689453 28.15625 87.65625 
137.59999084472656 27.09375 43.5625 
136.95999145507812 24.4375 43.03125 
136.95999145507812 24.96875 43.5625 
135.36000061035156 22.3125 45.15625 
133.44000244140625 24.4375 43.03125 
133.44000244140625 21.25 44.625 
131.83999633789062 22.3125 43.5625 
131.1999969482422 14.34375 45.15625 
130.239990234375 14.34375 52.59375 
128.3199920654297 13.8125 80.21875 
128.0 10.625 43.03125 
127.68000030517578 11.6875 44.09375 
126.7199935913086 6.375 48.34375 
123.5199966430664 7.96875 46.75 
117.75999450683594 6.375 45.15625 
119.04000091552734 4.78125 44.625 
116.15999603271484 13.8125 46.75 
116.79999542236328 4.78125 45.6875 
115.19999694824219 9.03125 45.15625 
114.23999786376953 14.875 45.15625 
118.07999420166016 19.125 44.625 
124.47999572753906 10.625 44.625 
126.39999389648438 12.21875 46.75 
128.63999938964844 14.34375 46.21875 
130.55999755859375 16.46875 45.6875 
133.75999450683594 20.1875 45.6875 
134.39999389648438 18.0625 92.4375 
132.47999572753906 21.25 45.6875 
135.36000061035156 24.96875 48.875 
137.59999084472656 24.96875 87.65625 
137.59999084472656 23.90625 45.15625 
137.59999084472656 28.15625 48.875 
138.239990234375 35.59375 85.0 
136.63999938964844 37.71875 45.6875 
136.63999938964844 38.78125 46.21875 
136.95999145507812 39.84375 96.6875 
136.0 43.5625 90.3125 
134.0800018310547 43.03125 83.9375 
132.16000366210938 45.6875 56.84375 
130.87998962402344 48.34375 56.3125 
129.27999877929688 51.0 46.21875 
128.3199920654297 53.125 47.8125 
125.75999450683594 54.71875 46.21875 
124.47999572753906 56.3125 46.21875 
122.23999786376953 58.4375 45.6875 
122.87999725341797 60.5625 46.75 
120.95999908447266 61.09375 45.6875 
117.75999450683594 64.8125 40.375 
114.23999786376953 65.875 45.6875 
111.04000091552734 69.0625 45.6875 
107.19999694824219 68.53125 45.6875 
104.0 70.65625 46.21875 
103.68000030517578 75.4375 40.90625 
99.83999633789062 75.4375 47.28125 
