86.4000015258789 74.90625 55.25 
86.08000183105469 74.90625 54.1875 
86.08000183105469 74.90625 55.25 
86.08000183105469 74.90625 55.78125 
86.08000183105469 75.4375 55.25 
86.08000183105469 75.96875 55.78125 
85.43999481201172 74.375 54.1875 
86.08000183105469 75.4375 52.0625 
87.04000091552734 75.96875 56.3125 
87.04000091552734 74.375 52.59375 
86.4000015258789 75.4375 51.53125 
86.4000015258789 76.5 54.71875 
86.4000015258789 78.09375 52.0625 
86.72000122070312 73.84375 51.0 
87.68000030517578 73.84375 55.78125 
90.23999786376953 72.78125 55.25 
91.5199966430664 72.25 55.25 
93.43999481201172 123.78125 55.25 
96.95999908447266 65.34375 56.84375 
99.5199966430664 66.9375 55.25 
101.1199951171875 61.625 56.3125 
102.07999420166016 61.09375 57.90625 
104.0 58.4375 57.375 
104.0 55.78125 57.90625 
104.31999969482422 53.125 65.34375 
107.19999694824219 48.875 59.5 
107.83999633789062 46.75 57.375 
108.47999572753906 43.5625 90.84375 
109.43999481201172 43.03125 128.5625 
110.39999389648438 40.90625 57.375 
111.04000091552734 38.25 57.90625 
111.04000091552734 38.78125 57.375 
111.36000061035156 38.78125 57.90625 
112.95999908447266 37.1875 57.375 
111.36000061035156 36.65625 109.4375 
111.36000061035156 32.9375 58.4375 
112.0 35.0625 108.90625 
112.31999969482422 165.21875 113.15625 
110.72000122070312 28.6875 57.375 
109.1199951171875 24.96875 56.84375 
111.36000061035156 24.96875 57.375 
111.36000061035156 23.375 58.4375 
108.47999572753906 20.1875 70.65625 
108.47999572753906 162.5625 57.90625 
106.55999755859375 16.46875 58.96875 
107.19999694824219 13.28125 69.59375 
104.63999938964844 19.125 65.34375 
102.39999389648438 11.6875 57.375 
99.83999633789062 19.65625 57.90625 
101.1199951171875 11.15625 56.84375 
99.5199966430664 12.21875 58.4375 
98.23999786376953 4.78125 62.15625 
97.91999816894531 12.21875 57.375 
99.19999694824219 14.34375 62.15625 
97.91999816894531 9.5625 57.90625 
100.79999542236328 9.5625 58.96875 
102.39999389648438 12.21875 58.4375 
100.47999572753906 13.8125 150.34375 
103.36000061035156 13.8125 101.46875 
102.07999420166016 20.71875 72.78125 
102.07999420166016 18.0625 70.125 
105.27999877929688 21.78125 59.5 
107.19999694824219 24.4375 59.5 
105.27999877929688 23.375 59.5 
106.87999725341797 26.5625 58.96875 
106.23999786376953 29.21875 68.53125 
107.5199966430664 30.8125 68.0 
106.55999755859375 37.71875 117.40625 
106.23999786376953 129.625 78.625 
105.27999877929688 36.125 60.5625 
103.04000091552734 39.3125 60.5625 
102.07999420166016 43.03125 79.6875 
100.79999542236328 46.75 61.625 
99.83999633789062 46.75 62.15625 
100.15999603271484 47.28125 61.625 
98.23999786376953 48.875 61.09375 
98.23999786376953 50.46875 75.4375 
97.5999984741211 52.0625 75.96875 
96.95999908447266 53.125 68.53125 
96.31999969482422 56.84375 63.21875 
95.04000091552734 57.375 61.625 
94.4000015258789 59.5 62.15625 
91.5199966430664 61.625 60.5625 
92.79999542236328 62.15625 59.5 
91.19999694824219 65.34375 58.96875 
90.87999725341797 63.75 60.03125 
88.0 68.53125 55.25 
88.63999938964844 70.65625 60.03125 
82.55999755859375 75.4375 60.5625 
80.95999908447266 79.6875 61.625 
79.83999633789062 78.625 60.03125 
