71.36000061035156 75.4375 70.65625 
71.83999633789062 73.3125 70.125 
72.15999603271484 78.09375 69.59375 
72.47999572753906 78.625 68.0 
72.31999969482422 76.5 70.125 
72.0 73.3125 68.0 
71.68000030517578 73.3125 70.125 
71.68000030517578 71.1875 69.59375 
71.36000061035156 73.84375 69.59375 
71.5199966430664 73.3125 64.8125 
71.5199966430664 74.90625 64.8125 
71.36000061035156 75.96875 69.59375 
71.36000061035156 74.375 67.46875 
71.36000061035156 73.3125 71.1875 
71.68000030517578 73.84375 70.125 
71.83999633789062 75.4375 70.125 
74.08000183105469 72.25 70.65625 
72.95999908447266 69.0625 72.25 
75.19999694824219 69.59375 68.53125 
74.08000183105469 69.59375 69.59375 
76.47999572753906 66.40625 69.0625 
75.36000061035156 63.75 70.65625 
77.43999481201172 65.875 69.59375 
76.0 60.5625 70.65625 
78.55999755859375 61.625 70.125 
77.43999481201172 57.375 71.71875 
78.23999786376953 57.90625 71.71875 
76.79999542236328 55.78125 75.96875 
76.95999908447266 51.53125 71.71875 
78.55999755859375 50.46875 70.65625 
78.72000122070312 48.34375 71.71875 
80.47999572753906 47.8125 73.3125 
79.83999633789062 46.21875 71.71875 
80.0 41.96875 70.65625 
82.08000183105469 42.5 71.1875 
82.08000183105469 39.84375 72.25 
81.91999816894531 40.375 70.65625 
81.43999481201172 38.78125 70.125 
82.08000183105469 38.25 71.71875 
82.4000015258789 35.0625 72.25 
81.91999816894531 31.875 71.1875 
83.83999633789062 32.9375 71.1875 
83.19999694824219 126.96875 70.65625 
83.5199966430664 34.53125 86.0625 
80.95999908447266 27.09375 70.65625 
82.23999786376953 27.625 71.71875 
80.63999938964844 24.96875 70.65625 
81.27999877929688 23.90625 71.1875 
78.55999755859375 20.1875 72.25 
78.55999755859375 15.9375 78.09375 
79.68000030517578 19.65625 77.03125 
79.36000061035156 11.15625 72.78125 
79.19999694824219 9.5625 73.84375 
78.23999786376953 15.9375 90.3125 
76.47999572753906 5.84375 76.5 
74.72000122070312 5.3125 73.3125 
77.27999877929688 10.625 75.96875 
73.76000213623047 12.21875 72.78125 
78.08000183105469 11.15625 71.71875 
81.5999984741211 9.5625 72.78125 
81.5999984741211 15.40625 74.375 
82.23999786376953 12.75 75.4375 
82.08000183105469 15.9375 73.84375 
80.15999603271484 19.125 72.25 
82.55999755859375 18.59375 72.25 
83.04000091552734 20.71875 72.78125 
82.4000015258789 23.90625 73.3125 
83.19999694824219 24.4375 73.84375 
82.55999755859375 26.03125 73.3125 
82.55999755859375 30.8125 72.78125 
83.83999633789062 30.28125 85.53125 
82.08000183105469 32.40625 74.375 
84.0 34.53125 75.4375 
83.04000091552734 36.125 77.03125 
81.91999816894531 38.25 74.90625 
79.83999633789062 39.84375 74.90625 
80.15999603271484 44.09375 75.96875 
79.83999633789062 45.6875 73.84375 
78.4000015258789 47.8125 73.84375 
77.1199951171875 51.0 74.90625 
76.31999969482422 56.3125 75.4375 
76.95999908447266 60.5625 76.5 
76.15999603271484 59.5 77.03125 
75.19999694824219 62.6875 74.90625 
73.43999481201172 65.34375 74.375 
74.08000183105469 64.8125 72.78125 
72.63999938964844 68.53125 73.84375 
70.4000015258789 72.25 75.96875 
68.47999572753906 74.375 74.90625 
67.19999694824219 78.09375 76.5 
67.36000061035156 77.5625 72.78125 
