53.279998779296875 74.90625 89.25 
53.599998474121094 74.90625 86.59375 
52.15999984741211 75.4375 87.65625 
52.15999984741211 73.84375 87.125 
51.68000030517578 75.4375 86.59375 
50.39999771118164 74.90625 87.65625 
53.119998931884766 74.90625 86.0625 
54.23999786376953 74.375 87.125 
55.19999694824219 75.96875 87.125 
55.68000030517578 74.90625 87.125 
56.15999984741211 73.84375 82.34375 
56.0 75.4375 87.125 
56.47999954223633 74.90625 82.875 
56.47999954223633 74.90625 87.125 
56.959999084472656 80.75 86.59375 
57.439998626708984 75.96875 87.125 
57.91999816894531 73.3125 87.65625 
57.599998474121094 73.84375 86.0625 
59.03999710083008 69.0625 86.59375 
59.52000045776367 66.40625 89.78125 
60.0 133.875 88.1875 
60.79999923706055 153.0 87.125 
61.279998779296875 63.75 91.375 
61.599998474121094 60.03125 90.3125 
63.03999710083008 56.84375 100.40625 
63.19999694824219 54.1875 92.4375 
64.31999969482422 51.53125 88.1875 
65.27999877929688 51.53125 88.71875 
63.52000045776367 47.28125 88.71875 
66.72000122070312 43.03125 90.84375 
68.0 41.4375 88.1875 
68.31999969482422 38.78125 88.71875 
69.1199951171875 37.1875 88.1875 
69.76000213623047 35.0625 86.0625 
70.08000183105469 33.46875 87.125 
70.23999786376953 30.8125 88.1875 
70.23999786376953 29.75 87.125 
71.04000091552734 29.21875 86.59375 
70.4000015258789 27.625 89.78125 
70.4000015258789 24.4375 87.125 
71.04000091552734 23.90625 104.65625 
70.87999725341797 20.71875 89.78125 
71.04000091552734 18.59375 86.59375 
71.19999694824219 19.125 88.71875 
72.15999603271484 18.0625 89.25 
70.72000122070312 19.65625 82.34375 
70.72000122070312 18.0625 87.125 
71.5199966430664 12.75 86.0625 
70.08000183105469 10.09375 89.25 
69.5999984741211 9.5625 86.0625 
69.43999481201172 11.15625 85.53125 
67.04000091552734 7.4375 86.0625 
66.4000015258789 8.5 85.53125 
67.19999694824219 14.34375 87.65625 
68.79999542236328 18.59375 85.0 
66.72000122070312 8.5 85.53125 
67.83999633789062 8.5 85.53125 
68.15999603271484 8.5 88.1875 
67.04000091552734 6.375 87.65625 
69.76000213623047 6.375 88.71875 
67.19999694824219 6.375 88.71875 
70.4000015258789 5.84375 89.78125 
68.15999603271484 14.875 80.21875 
67.19999694824219 9.5625 80.21875 
70.72000122070312 10.09375 86.59375 
71.83999633789062 12.21875 87.65625 
68.79999542236328 17.53125 88.71875 
72.0 17.0 88.71875 
72.31999969482422 20.1875 85.0 
70.4000015258789 24.4375 103.59375 
72.31999969482422 24.96875 86.59375 
72.47999572753906 30.28125 85.53125 
72.0 32.40625 88.1875 
72.47999572753906 30.8125 88.71875 
72.79999542236328 31.34375 88.71875 
71.5199966430664 35.59375 87.125 
73.43999481201172 35.0625 86.59375 
73.5999984741211 36.65625 87.65625 
71.83999633789062 40.90625 88.71875 
71.68000030517578 40.375 86.59375 
70.55999755859375 46.21875 88.1875 
68.79999542236328 46.21875 85.0 
69.5999984741211 46.21875 88.1875 
67.83999633789062 51.0 82.875 
68.63999938964844 50.46875 85.53125 
68.15999603271484 55.25 87.125 
68.31999969482422 55.25 90.84375 
67.83999633789062 54.1875 87.65625 
67.68000030517578 60.03125 88.1875 
69.1199951171875 60.5625 86.59375 
67.68000030517578 58.96875 89.25 
67.68000030517578 63.75 85.53125 
67.04000091552734 65.875 85.53125 
67.04000091552734 72.25 86.59375 
67.19999694824219 70.65625 82.34375 
66.55999755859375 69.59375 89.25 
66.23999786376953 125.90625 86.0625 
65.76000213623047 71.71875 88.71875 
66.08000183105469 157.25 86.0625 
65.91999816894531 124.3125 89.25 
65.1199951171875 77.03125 87.125 
65.43999481201172 74.90625 87.125 
63.52000045776367 284.75 86.59375 
63.03999710083008 132.8125 84.46875 
64.15999603271484 181.15625 87.65625 
63.84000015258789 287.40625 87.125 
